severe_winter = {
	# BOREALLA / Araboral
	293 529 587 590 681 748 758 954 963 
	# BOREALLA / Perv
	152 155 183 197 203 258 333 364 365 380 385 581 640 686 697 783 927 
	# BOREALLA / Poopchild Horde
	6 17 122 166 237 266 330 337 376 469 520 585 621 627 690 719 729 832 845 849 870 886 901 914 918 
	# GREATER LORVIC EMPIRE / Lorv
	30 34 94 123 303 382 801 863 937 942 965 968 985 
	# GREATER LORVIC EMPIRE / Lorvandy
	33 129 384 402 547 789 947 
	# GREATER LORVIC EMPIRE / North Kingdom
	45 242 259 465 471 480 512 515 516 617 
	# SPOOKLANDS / Cadogen
	14 24 118 130 202 270 292 321 332 441 490 497 498 591 654 713 715 745 767 814 819 843 850 
	# SPOOKLANDS / Fallow
	691 704 839 856 
	# TÛK EMPIRE / North Tuk
	254 416 457 594 647 736 879 893 898 
	# VALHALLA / Isrland
	22 40 168 204 214 253 281 710 775 840 880 894 917 991 
	# VALHALLA / Mictlampalan
	90 689 861 996 
	# VALHALLA / Ulvensmark
	582 607 892 911 926 955 969 
}
normal_winter = {
	# ARAMOL / Ashtur
	156 246 352 397 415 825 
	# GREATER LORVIC EMPIRE / Lorv
	54 149 209 313 375 459 473 485 489 513 514 535 546 615 619 721 741 753 
	# GREATER LORVIC EMPIRE / Lorvandy
	987 
	# SPOOKLANDS / Athamyra
	3 7 71 146 247 462 530 578 655 664 700 763 816 855 874 876 924 972 
	# SPOOKLANDS / Cadogen
	36 64 77 239 255 356 367 482 717 732 744 
	# SPOOKLANDS / Fallow
	53 132 147 298 757 881 952 
	# SPOOKLANDS / Khenyth
	39 101 222 248 257 287 390 414 450 476 539 628 766 841 851 862 
	# SPOOKLANDS / Scinders
	422 468 523 747 750 809 824 929 1016 
	# TÛK EMPIRE / Jrigga_swarm
	16 93 131 165 176 221 407 420 492 505 589 698 701 
	# TÛK EMPIRE / North Tuk
	317 472 481 488 699 887 999 
	# VALHALLA / Ulvensmark
	85 138 199 586 830 858 877 884 975 
}
mild_winter = {
	# ARAMOL / Ashtur
	19 80 
	# SPOOKLANDS / Athamyra
	478 895 1004 
	# SPOOKLANDS / Cadogen
	273 328 544 555 
	# SPOOKLANDS / Scinders
	262 363 834 
}
#	NO WINTER = {
#		# ARAMOL / Arvida
#		74 76 92 140 164 306 792 986 1000 
#		# ARAMOL / Ashtur
#		224 
#		# ARAMOL / Dariam
#		51 236 438 484 1002 
#		# ARAMOL / Ipizal
#		38 116 127 158 245 310 343 418 566 608 891 957 984 
#		# EAST EMPIRE / Arhahgan
#		10 353 359 413 620 903 964 1001 
#		# EAST EMPIRE / Car Fomass
#		55 56 78 187 261 288 342 354 426 440 454 474 561 662 705 726 734 754 808 1003 
#		# EAST EMPIRE / Rumer
#		11 89 136 148 175 181 229 362 424 463 483 507 565 623 631 649 751 875 
#		# GREATER LORVIC EMPIRE / Sarakan
#		20 29 52 65 135 144 172 225 419 506 508 509 522 536 576 614 622 668 687 724 742 852 916 953 
#		# GREATER LORVIC EMPIRE / Tgrovnich
#		44 145 185 213 378 443 479 531 541 612 679 712 722 727 730 731 844 872 922 930 940 962 990 
#		# JUGOSKACV / Bekelgar
#		170 291 361 733 
#		# MANIA / Ecrary
#		98 180 182 256 269 290 355 393 486 511 573 702 764 815 846 921 
#		# MANIA / Lointain
#		21 31 83 134 167 169 171 174 210 234 244 312 346 401 403 442 525 528 556 593 630 635 720 781 822 835 837 857 867 868 878 882 890 905 906 907 932 934 938 948 979 
#		# MANIA / Respiatrait
#		81 128 153 178 240 243 263 267 340 351 368 432 467 470 602 603 616 659 706 842 899 919 920 939 970 
#		# MANIA / Tarmiya
#		102 142 230 331 344 406 430 445 458 504 629 869 
#		# NO KINGDOM
#		4 5 9 12 15 18 26 28 35 41 42 43 47 50 57 58 60 61 62 63 68 69 70 72 73 82 84 87 88 95 96 97 100 104 106 107 109 110 112 113 114 115 119 120 121 124 125 126 137 139 143 150 151 154 157 159 160 162 163 173 177 179 184 186 189 191 192 194 195 196 198 200 201 205 206 207 208 211 215 217 218 219 220 223 226 227 228 232 233 238 249 250 252 260 264 265 268 271 272 274 275 276 277 278 279 284 285 286 289 294 295 297 299 300 301 302 304 305 309 314 316 318 319 320 323 324 325 326 336 338 341 345 348 349 350 357 360 369 372 373 374 379 381 383 386 387 388 392 394 395 398 399 400 404 405 408 409 410 411 417 421 425 428 429 431 433 434 436 437 439 444 446 451 453 455 456 460 461 475 487 491 493 494 495 496 499 501 502 503 510 517 519 524 526 533 534 537 538 540 542 543 548 550 551 553 554 557 558 559 562 563 564 567 568 570 572 574 575 579 580 583 595 597 598 599 604 606 609 610 613 618 624 625 626 633 634 636 638 641 642 643 644 645 646 648 650 651 652 656 657 660 661 663 667 669 670 672 673 675 676 678 680 682 683 684 685 688 692 693 696 703 708 709 711 714 718 723 725 728 735 737 739 740 743 746 749 752 755 756 759 760 761 762 765 768 769 770 771 772 773 776 777 778 779 780 782 784 785 786 788 790 791 793 795 796 797 798 799 800 802 803 804 805 806 807 810 811 812 813 818 820 821 823 826 827 828 831 836 848 853 860 864 865 885 888 889 896 897 900 902 904 908 909 913 915 923 928 933 935 941 944 945 946 949 950 956 958 959 960 961 966 967 974 978 981 982 988 989 992 993 994 995 997 1005 1006 1007 1008 1009 1010 1011 1015 
#		# NOT BRITANNIA / Linkanon
#		8 46 66 75 79 99 111 307 311 327 370 389 423 435 449 500 527 545 549 577 653 695 716 866 943 
#		# NOT BRITANNIA / Melba
#		188 216 334 588 674 838 871 873 883 
#		# REYHAD / Grox
#		59 282 339 391 447 971 
#		# REYHAD / Ibrin
#		1 2 13 25 32 49 67 86 91 103 117 133 296 315 335 347 366 377 427 452 477 552 560 600 671 694 774 794 977 
#		# SOUTH EMPIRE / Thago
#		396 601 666 925 
#		# SOUTH EMPIRE / Yapur
#		37 105 141 283 329 448 464 518 569 571 605 611 639 677 847 
#		# THE JEWLANDS / Uber Israel
#		1017 
#		# TÛK EMPIRE / Jrigga_swarm
#		190 193 235 280 371 466 637 665 738 817 833 854 910 980 
#		# TÛK EMPIRE / North Tuk
#		48 251 412 859 931 998 
#		# TÛK EMPIRE / South Tuk
#		23 27 108 231 521 584 592 596 658 707 787 829 936 973 976 983 
#	}
